y <- 2+2

bmk<- 87
